image_width: 4656
image_height: 3496
camera_name: narrow_stereo
camera_matrix:
  rows: 3
  cols: 3
  data: [35077.723513, 0.000000, 2382.156583, 0.000000, 36478.813276, 809.800151, 0.000000, 0.000000, 1.000000]
distortion_model: plumb_bob
distortion_coefficients:
  rows: 1
  cols: 5
  data: [0.968221, -66.843648, -0.008206, 0.010054, 0.000000]
rectification_matrix:
  rows: 3
  cols: 3
  data: [1.000000, 0.000000, 0.000000, 0.000000, 1.000000, 0.000000, 0.000000, 0.000000, 1.000000]
projection_matrix:
  rows: 3
  cols: 4
  data: [35196.530164, 0.000000, 2386.786237, 0.000000, 0.000000, 36600.162142, 807.297287, 0.000000, 0.000000, 0.000000, 1.000000, 0.000000]
