image_width: 4656
image_height: 3496
camera_name: allied
camera_matrix:
  rows: 3
  cols: 3
  data: [53077.4723980056, 0.0, 2267.7284790506756, 0.0, 58997.80551483967, 1945.6295285937065, 0.0, 0.0, 1.0]
distortion_model: plumb_bob
distortion_coefficients:
  rows: 1
  cols: 5
  data: [2.2196038524595725, 248.8468521676771, 0.022815371242307612, 0.14386166445405427, 0.0]
rectification_matrix:
  rows: 3
  cols: 3
  data: [1.0, 0.0, 0.0, 0.0, 1.0, 0.0, 0.0, 0.0, 1.0]
projection_matrix:
  rows: 3
  cols: 4
  data: [53537.503562477104, 0.0, 2316.2119807968165, 0.0, 0.0, 60191.37525337575, 1950.3685553391804, 0.0, 0.0, 0.0, 1.0, 0.0]

